49.0581
33.9847
36.547
39.9249
35.5543
38.257
48.9788
52.4054
47.7008
46.8055
48.9165
46.788
42.9166
45.7164
48.7662
54.0336
45.6225
47.6894
48.3559
43.6948
43.7924
44.0315
44.7427
43.7618
46.1489
45.3906
46.7159
46.3929
50.1958
44.8914
46.657
44.403
43.6853
47.3911
48.7567
53.5504
53.1547
54.8486
57.6236
55.1238
56.654
52.6039
53.8764
54.2005
51.8511
55.2364
51.4192
52.3177
54.1888
54.8186
48.4684
49.1908
51.2742
49.9426
52.6787
54.1506
54.5584
61.7055
57.2541
64.5703
66.5956
72.6639
69.0036
65.083
16.0836
49.4462
11.1309
11.0862
9.88054
10.4628
26.4292
10.4928
9.01128
9.62538
32.1937
16.5945
14.0243
16.7358
16.6362
23.4791
13.0887
14.7894
16.0018
13.4528
12.8732
41.3582
57.1723
64.7165
60.27
62.8062
65.0026
59.1541
51.3716
52.6676
54.1419
51.1561
50.7305
49.2659
51.2007
51.1065
47.5647
45.0836
48.6784
58.7613
52.3697
50.8337
48.4332
51.5623
53.3732
50.02
54.5494
54.5375
52.9549
43.8712
52.5127
54.0774
49.7092
52.3697
47.3889
51.4139
53.9025
52.1458
55.7787
56.9152
58.0181
44.0044
54.9511
50.9295
52.1295
58.3601
48.6074
58.5549
54.3183
54.3006
54.5822
52.829
54.057
54.3892
50.7228
49.848
51.7706
55.6112
54.404
54.6926
54.095
57.6768
50.4643
52.7093
56.164
53.1067
50.9398
53.5246
52.2084
54.401
57.241
54.6299
54.3242
56.7183
38.9788
45.2386
42.0875
42.2869
52.9829
55.991
40.7448
45.9834
45.88
41.6632
41.295
38.3171
32.4423
41.7153
38.1986
35.5961
34.7887
32.9826
29.9877
23.2186
45.1549
52.6427
51.406
57.0418
59.0249
58.3805
61.9272
58.6373
58.0821
57.4284
50.1329
51.3875
46.8406
51.6236
43.033
58.1801
51.5517
50.5485
50.4134
51.2216
50.0501
49.9775
48.2044
46.4835
52.0454
48.7972
47.7099
50.3651
52.4686
53.3021
52.6233
58.4454
50.6919
48.2649
56.7537
50.1303
59.5983
60.423
55.273
47.5737
57.1755
41.7275
57.3789
53.3988
54.4129
51.2584
54.9964
52.0021
53.3476
53.4445
57.0451
54.0336
55.1724
53.8735
56.7086
55.1238
66.1376
71.541
68.6955
69.2137
71.1946
68.7191
22.9605
16.8362
17.0996
17.1727
23.9739
25.4634
15.7126
17.9879
14.1089
23.8442
16.1749
19.5998
23.6513
32.8818
47.7966
37.611
48.6831
30.5325
17.6143
27.1562
30.1305
27.4725
20.8091
36.8378
23.8368
23.1278
59.8587
19.1296
48.5084
71.3369
57.2344
76.9645
73.1422
73.7681
62.8378
60.1612
60.562
60.0998
58.751
57.8035
55.0934
48.8711
48.3419
48.8424
50.6997
56.8666
54.3774
55.5432
51.9886
53.0082
55.2517
53.5475
63.8121
64.4912
55.9003
52.5458
51.8618
47.9916
43.5521
44.6269
47.9019
54.0278
49.0942
48.4144
49.5688
49.838
51.3532
45.0532
56.0632
51.913
51.3084
33.6123
46.8604
45.4215
40.5894
31.8908
35.0201
32.9902
45.4422
46.6941
49.9176
46.8626
48.2183
48.6216
49.434
49.0846
50.7537
54.9179
50.3956
47.2166
46.2899
44.6429
42.1212
44.1287
45.5996
45.8484
45.5955
41.2746
39.7678
43.6605
43.4764
44.6548
45.6121
47.2545
46.3499
48.3162
46.0469
44.601
47.1542
47.9616
42.7314
46.292
46.2257
45.8884
47.1631
47.0588
46.9197
45.2591
50.015
47.2769
54.6538
46.6309
47.4631
47.6735
47.8469
46.3177
46.9969
51.2636
46.2642
48.0008
48.9908
51.4403
43.8404
51.3189
51.0647
50.7022
52.3862
54.401
54.7975
49.5983
53.7519
52.2466
51.1378
46.9748
46.5354
47.4248
46.1361
46.503
51.164
51.8108
58.418
55.3771
55.4354
57.3427
57.5275
67.0062
68.1338
52.4054
61.6637
56.243
58.6476
53.5361
57.5473
52.5541
57.0841
51.9588
60.8199
62.2471
62.6881
59.5132
63.4276
62.3441
60.7866
56.6797
52.2248
53.3049
46.9153
40.5482
53.5619
49.2271
49.6327
45.2735
46.477
51.7786
42.8945
45.5145
50.5204
48.4966
49.1521
46.0936
47.8103
47.9547
48.4848
46.7159
44.3991
44.2831
47.2746
47.7509
50.4617
48.8974
50.3778
50.226
53.183
33.9732
41.7153
54.9692
55.5185
49.478
50.1354
53.2737
50.0977
48.8711
60.4047
50.9139
48.1
50.2614
52.6787
49.7859
53.8097
52.6843
50.2109
49.3998
50.6303
51.2873
48.1232
45.1569
54.1594
50.4261
49.7785
53.8503
58.214
55.0176
59.5699
59.7051
56.3285
54.9602
49.1811
49.99
48.459
55.4539
52.5017
47.694
45.0735
49.4756
43.7292
52.7983
39.901
51.4165
47.6599
50.2437
50.8001
48.3465
54.1067
53.6682
51.0569
52.7232
48.6003
47.9662
44.5772
35.2908
48.2486
47.8149
31.7551
53.2226
46.8713
44.3774
48.6879
62.0501
63.6983
51.7224
46.3736
51.4562
51.0022
48.3676
53.5906
52.1023
47.9708
48.0284
48.9117
50.6303
46.1318
